Estación:       BA. DE KINO II,  SON
Operada por:    SMN EMAS
Longitud:       111°55'19"  Latitud: 28°48'54"  Altitud: 2

DD/MM/AAAA HH:MM      DIRS      DIRR      VELS      VELR      TEMP        HR        PB      PREC   RADSOL
22/01/2019 16:00       278       274     18.59     30.20      17.3        40    1018.3       0.0     262.3
22/01/2019 17:00       293       285     15.19     25.90      18.9        30    1019.0       0.0     550.7
22/01/2019 18:00       249       240     20.45     36.40      19.6        32    1019.0       0.0     649.5
22/01/2019 19:00       257       252     27.09     47.50      20.0        31    1018.5       0.0     762.8
22/01/2019 20:00       275       282     29.50     47.90      20.7        24    1017.8       0.0     744.0
22/01/2019 21:00       254       250     31.07     51.10      19.9        30    1017.5       0.0     650.8
22/01/2019 22:00       252       263     35.01     55.40      18.5        38    1017.7       0.0     506.2
22/01/2019 23:00       259       258     31.62     52.60      17.8        36    1017.9       0.0     317.3
23/01/2019 00:00       266       273     31.31     47.20      16.9        36    1018.3       0.0     101.0
23/01/2019 01:00       266       252     27.28     44.60      15.6        41    1018.9       0.0      -0.5
23/01/2019 02:00       271       267     31.07     50.80      15.2        44    1019.6       0.0      -1.0
23/01/2019 03:00       288       291     30.80     53.60      15.3        43    1019.7       0.0      -1.0
23/01/2019 04:00       283       276     25.54     42.80      15.1        40    1020.1       0.0      -1.0
23/01/2019 05:00       272       257     19.59     30.60      14.9        40    1020.9       0.0      -1.0
23/01/2019 06:00       279       284     14.25     27.00      14.5        38    1021.0       0.0      -1.0
23/01/2019 07:00       270       268     12.16     19.10      12.9        38    1021.3       0.0      -1.0
23/01/2019 08:00       283       286     16.88     27.70      13.9        34    1021.3       0.0      -1.0
23/01/2019 09:00       291       281     16.02     31.30      14.0        35    1021.3       0.0      -1.0
23/01/2019 10:00       311       321     14.64     22.70      12.6        36    1021.4       0.0      -1.0
23/01/2019 11:00       337       315     15.00     23.40      10.4        39    1021.3       0.0      -1.0
23/01/2019 12:00       340       341     18.22     25.60       8.7        43    1021.2       0.0      -1.0
23/01/2019 13:00       334       332     17.19     32.40       8.4        43    1021.5       0.0      -1.0
23/01/2019 14:00       333       333     17.93     26.60       7.1        46    1022.0       0.0      20.7
23/01/2019 15:00       333       325     19.71     27.70      10.3        39    1022.1       0.0     168.0
23/01/2019 16:00       325       330     18.72     29.90      14.7        30    1022.4       0.0     269.2
23/01/2019 17:00       315       299     20.22     29.50      18.3        22    1022.8       0.0     560.2
23/01/2019 18:00       311       337     15.88     28.10      20.6        18    1022.5       0.0     660.2
23/01/2019 19:00       295       300     19.23     32.00      22.0        20    1021.2       0.0     771.3
23/01/2019 20:00       294       294     21.42     34.90      22.6        17    1019.6       0.0     756.5
23/01/2019 21:00       265       242     24.15     37.80      22.0        24    1018.7       0.0     658.8
23/01/2019 22:00       266       269     28.59     47.50      21.2        27    1018.0       0.0     514.2
23/01/2019 23:00       272       274     28.47     43.20      19.9        35    1017.7       0.0     321.5
24/01/2019 00:00       280       273     28.08     48.20      18.2        42    1017.3       0.0     104.2
24/01/2019 01:00       277       277     24.51     45.00      16.4        51    1017.5       0.0      -0.2
24/01/2019 02:00       271       275     21.14     38.20      15.6        55    1017.8       0.0      -1.0
24/01/2019 03:00       281       287     21.35     35.30      15.4        57    1017.8       0.0      -1.0
24/01/2019 04:00       285       289     21.26     37.10      15.2        57    1017.7       0.0      -1.0
24/01/2019 05:00       278       286     17.01     27.00      14.8        55    1017.4       0.0      -1.0
24/01/2019 06:00       269       279      7.09     22.70      14.2        50    1017.4       0.0      -1.0
24/01/2019 07:00       270       278     11.58     22.30      14.4        46    1017.3       0.0      -1.0
24/01/2019 08:00       268       287      4.70     15.50      13.6        48    1017.2       0.0      -1.0
24/01/2019 09:00       263       274     10.87     25.20      14.3        44    1016.8       0.0      -1.0
24/01/2019 10:00       267       289      0.42     28.80      13.1        48    1016.6       0.0      -1.0
24/01/2019 11:00       306       271      8.38     21.20      12.2        52    1016.6       0.0      -1.0
24/01/2019 12:00       295       292     18.77     27.70      12.9        50    1016.1       0.0      -1.0
24/01/2019 13:00       266       285     13.35     23.40      13.3        48    1016.8       0.0      -1.0
24/01/2019 14:00       243       244     12.04     17.60      13.9        48    1017.3       0.0      20.5
24/01/2019 15:00       269       246      4.65     13.00      15.5        42    1018.0       0.0     160.0
24/01/2019 16:00        43        25      5.07     11.90      16.1        42    1018.3       0.0     222.8
24/01/2019 17:00       149       249      1.29     21.20      18.1        37    1018.6       0.0     511.5
24/01/2019 18:00       277       272     27.31     41.00      20.7        27    1017.6       0.0     648.7
24/01/2019 19:00       285       280     24.19     41.00      21.8        23    1016.1       0.0     768.0
24/01/2019 20:00       284       281     23.59     34.90      22.5        20    1015.1       0.0     731.5
24/01/2019 21:00       280       277     23.57     35.60      22.5        20    1014.4       0.0     634.3
24/01/2019 22:00       279       270     28.37     43.20      22.2        24    1013.8       0.0     510.0
24/01/2019 23:00       279       281     23.22     43.60      21.1        29    1014.6       0.0     300.3
25/01/2019 00:00       282       277     23.93     41.40      19.1        33    1014.8       0.0      79.8
25/01/2019 01:00       285       281     20.52     37.80      17.4        40    1015.2       0.0      -0.3
25/01/2019 02:00       274       276     21.55     33.80      17.0        44    1015.4       0.0      -1.0
25/01/2019 03:00       276       269     10.89     23.80      16.1        52    1015.2       0.0      -1.0
25/01/2019 04:00       269       267     15.21     27.00      16.1        53    1015.5       0.0      -1.0
25/01/2019 05:00       267       264     12.62     23.80      16.2        56    1015.8       0.0      -1.0
25/01/2019 06:00       268       266      8.53     19.10      15.9        58    1015.9       0.0      -1.0
25/01/2019 07:00       282       281      7.76     17.60      14.7        60    1015.9       0.0      -1.0
25/01/2019 08:00       136        66      0.82      7.60      12.6        72    1015.7       0.0      -1.0
25/01/2019 09:00        30        87      1.77      9.00      12.2        77    1015.6       0.0      -1.0
25/01/2019 10:00       321       324      8.06     13.30      11.3        82    1015.6       0.0      -1.0
25/01/2019 11:00        52       321      5.95     12.60      11.5        81    1015.7       0.0      -1.0
25/01/2019 12:00        48        23      5.88     12.60      10.6        76    1015.7       0.0      -1.0
25/01/2019 13:00        41        34      6.71     11.90       9.2        71    1016.1       0.0      -1.0
25/01/2019 14:00        36        47      7.02     11.50       8.9        60    1016.4       0.0      20.3
25/01/2019 15:00        82        11      3.47      7.20      10.5        51    1017.1       0.0     157.7
25/01/2019 16:00        82       102      3.94      8.60      13.7        48    1017.6       0.0     275.3
25/01/2019 17:00       180       144      1.29      7.90      18.1        41    1017.6       0.0     524.7
25/01/2019 18:00       236       240     12.48     27.00      20.5        40    1017.0       0.0     668.8
25/01/2019 19:00       253       241     17.70     29.50      22.1        36    1016.1       0.0     769.2
25/01/2019 20:00       251       272     19.66     31.30      22.3        33    1015.0       0.0     609.0
25/01/2019 21:00       242       254     19.06     33.50      20.4        44    1014.1       0.0     325.8
25/01/2019 22:00       260       263     15.77     27.00      21.4        33    1013.7       0.0     214.3
25/01/2019 23:00       249       261     16.01     25.90      21.3        33    1013.4       0.0     240.2
26/01/2019 00:00       253       262     16.85     28.40      19.6        42    1013.4       0.0      92.0
26/01/2019 01:00       262       262     19.07     32.00      17.5        44    1013.9       0.0      -0.7
26/01/2019 02:00       275       273     19.62     42.50      16.8        48    1014.6       0.0      -1.0
26/01/2019 03:00       266       244     12.12     21.20      16.3        48    1015.3       0.0      -1.0
26/01/2019 04:00       273       283     17.67     32.40      16.4        48    1015.6       0.0      -1.0
26/01/2019 05:00       268       269     22.81     36.40      16.7        50    1015.9       0.0      -1.0
26/01/2019 06:00       268       275     20.47     36.00      16.2        55    1015.9       0.0      -1.0
26/01/2019 07:00       261       268     16.25     42.50      16.3        56    1016.1       0.0      -1.0
26/01/2019 08:00       250       258     19.30     44.60      16.3        60    1016.2       0.0      -1.0
26/01/2019 09:00       267       265     19.63     41.40      15.7        59    1015.9       0.0      -1.0
26/01/2019 10:00       273       273     24.11     39.60      16.0        62    1016.0       0.0      -1.0
26/01/2019 11:00       280       270      5.18     28.10      14.7        69    1016.0       0.0      -1.0
26/01/2019 12:00       289       292      9.15     28.80      13.5        71    1016.3       0.0      -1.0
26/01/2019 13:00       267       285      9.03     20.90      12.5        62    1016.7       0.0      -1.0
26/01/2019 14:00       281       282     11.00     16.90      11.9        61    1017.4       0.0      21.7
26/01/2019 15:00       290       284     11.33     26.60      14.0
26/01/2019 16:00                                                          37    1017.6               266.7
26/01/2019 17:00
26/01/2019 18:00
26/01/2019 19:00
26/01/2019 20:00
26/01/2019 21:00
26/01/2019 22:00
26/01/2019 23:00
27/01/2019 00:00
27/01/2019 01:00
27/01/2019 02:00
27/01/2019 03:00
27/01/2019 04:00
27/01/2019 05:00
27/01/2019 06:00
27/01/2019 07:00
27/01/2019 08:00
27/01/2019 09:00
27/01/2019 10:00
27/01/2019 11:00
27/01/2019 12:00
27/01/2019 13:00
27/01/2019 14:00
27/01/2019 15:00
27/01/2019 16:00
27/01/2019 17:00
27/01/2019 18:00
27/01/2019 19:00
27/01/2019 20:00       243       243     22.02     32.80      22.4        41    1015.5       0.0     761.0
27/01/2019 21:00       237       240     19.85     28.40      22.9        40    1014.5       0.0     670.5
27/01/2019 22:00       252       260     19.37     29.90      23.7        34    1014.0       0.0     526.8
27/01/2019 23:00       265       265     21.78     36.70      24.0        22    1013.7       0.0     341.0
28/01/2019 00:00       263       273     20.03     31.30      22.2        22    1013.7       0.0     117.7
28/01/2019 01:00       274       272     12.23     19.80      19.3        24    1013.7       0.0       0.0
28/01/2019 02:00       312       283      5.63     21.60      17.6        29    1013.6       0.0      -1.0
28/01/2019 03:00       122       120      1.83      6.50      15.1        40    1013.7       0.0      -1.0
28/01/2019 04:00        81        95      3.70      6.10      14.3        57    1013.6       0.0      -1.0
28/01/2019 05:00        63        41      6.11      9.00      13.1        66    1013.8       0.0      -1.0
28/01/2019 06:00        75        98      1.93      9.40      12.6        63    1013.5       0.0      -1.0
28/01/2019 07:00        37        29      4.19      7.60      11.5        65    1013.2       0.0      -1.0
28/01/2019 08:00       347       345      2.43     12.60      11.3        69    1013.2       0.0      -1.0
28/01/2019 09:00        35        53      4.78     10.80      10.3        69    1013.1       0.0      -1.0
28/01/2019 10:00        61        69      6.18     11.50       9.3        73    1013.0       0.0      -1.0
28/01/2019 11:00        47        40      7.51     10.10       7.2        72    1012.8       0.0      -1.0
28/01/2019 12:00       168        46      1.98      9.40       5.5        69    1012.8       0.0      -1.0
28/01/2019 13:00        33         4      3.91      6.50       7.0        68    1013.3       0.0      -1.0
28/01/2019 14:00       265       354      2.63      7.20       5.5        69    1013.9       0.0      28.7
28/01/2019 15:00       282       353      1.35      8.60       8.7        63    1014.4       0.0     140.7
28/01/2019 16:00        52        32      4.05      9.00      12.1        54    1014.7       0.0     255.2
28/01/2019 17:00        78        49      3.54      7.90      16.7        41    1014.8       0.0     580.2
28/01/2019 18:00       161       168      7.35     13.00      19.0        40    1014.6       0.0     663.0
28/01/2019 19:00       163       157     13.37     20.50      18.2        54    1014.1       0.0     745.5
28/01/2019 20:00       172       179     17.10     24.50      18.4        67    1013.1       0.0     731.2
28/01/2019 21:00       228       247     16.00     31.30      21.9        44    1012.3       0.0     599.0
28/01/2019 22:00       249       255     23.39     39.60      23.3        28    1011.9       0.0     440.3
28/01/2019 23:00       249       253     23.46     36.40      23.3        26    1011.7       0.0     352.8
29/01/2019 00:00       247       258     15.45     34.20      21.4        35    1011.7       0.0      78.0
29/01/2019 01:00       253       256     18.80     27.70      19.5        44    1012.2       0.0       0.5
29/01/2019 02:00       269       276     16.26     28.10      20.4        30    1012.5       0.0      -1.0
29/01/2019 03:00       300       303     13.66     27.00      19.5        31    1012.8       0.0      -1.0
29/01/2019 04:00       312       304      6.81     15.50      18.4        31    1012.9       0.0      -1.0
29/01/2019 05:00       251       223      5.10     11.20      16.8        50    1013.4       0.0      -1.0
29/01/2019 06:00       276       294      3.43     11.20      15.9        47    1013.3       0.0      -1.0
29/01/2019 07:00       254       200      3.66      9.00      14.1        61    1013.1       0.0      -1.0
29/01/2019 08:00       322       340      4.87     10.40      13.3        57    1012.5       0.0      -1.0
29/01/2019 09:00        27        21      8.92     18.00      11.6        55    1012.2       0.0      -1.0
29/01/2019 10:00        18        27      3.39     10.80      10.3        62    1012.1       0.0      -1.0
29/01/2019 11:00       294         1      0.50     10.80      10.8        66    1012.1       0.0      -1.0
29/01/2019 12:00       313       349      2.73      6.50      11.0        70    1012.0       0.0      -1.0
29/01/2019 13:00                                                          66    1012.1                -1.0
29/01/2019 14:00
29/01/2019 15:00